BRCA2/Results/all.snp.sum.hg19_multianno.vcf
CHROM	POS	ID	REF	ALT	QUAL	refgene	AA_Change	homalt	hetalt	homref	nogt	total	%homalt	%hetalt	$homref	hapmap	esp	kgall	kgafr	kgeas	kgeur
1	248153491	rs114891995	T	C	4308.74	intronic	.	5	33	1039	37	1114	0.448833034111310592	2.96229802513464991	93.2675044883303411	0	0	5.07188	18.38	0	0
1	248153558	rs79214788	A	T	35779.95	intronic	.	2	50	1061	1	1114	0.179533213644524237	4.48833034111310592	95.2423698384201077	0	0	5.05192	18.31	0	0
1	248153578	rs72475091	T	A	174339.43	ncRNA_exonic	.	4	161	948	1	1114	0.359066427289048474	14.4524236983842011	85.0987432675044883	0	0	9.6246	13.09	15.87	5.07
1	248153613	rs72475092	A	T	243042.18	ncRNA_exonic	.	4	161	949	0	1114	0.359066427289048474	14.4524236983842011	85.1885098743267505	0	0	9.6246	13.09	15.87	5.07
1	248153664	.	C	T	1556.76	ncRNA_exonic	.	0	1	1113	0	1114	0	0.0897666068222621185	99.9102333931777379	0	0	0	0	0	0
1	248153665	rs74155865	G	A	7627.71	ncRNA_exonic	.	0	5	1109	0	1114	0	0.448833034111310592	99.5511669658886894	0	0	0.339457	1.21	0	0
1	248153683	rs139725484	A	G	29711.63	ncRNA_exonic	.	0	12	1102	0	1114	0	1.07719928186714542	98.9228007181328546	0	0	0.199681	0	0	0.6
1	248153720	.	A	G	1504.75	ncRNA_exonic	.	0	1	1113	0	1114	0	0.0897666068222621185	99.9102333931777379	0	0	0	0	0	0
1	248153739	.	C	T	4391.75	ncRNA_exonic	.	0	1	1113	0	1114	0	0.0897666068222621185	99.9102333931777379	0	0	0	0	0	0
1	248153807	.	T	C	7404.29	ncRNA_exonic	.	0	2	1112	0	1114	0	0.179533213644524237	99.8204667863554758	0	0	0.0199681	0.08	0	0
1	248153901	rs113862338	C	T	75729.35	ncRNA_exonic	.	2	50	1062	0	1114	0.179533213644524237	4.48833034111310592	95.3321364452423698	0	0	5.05192	18.31	0	0
1	248153979	.	A	G	987.76	ncRNA_exonic	.	0	1	1113	0	1114	0	0.0897666068222621185	99.9102333931777379	0	0	0	0	0	0
1	248154023	rs180966267	T	G	1232.75	ncRNA_exonic	.	0	1	1113	0	1114	0	0.0897666068222621185	99.9102333931777379	0	0	0.0998403	0.38	0	0
1	248154045	rs115826103	C	T	6740.75	ncRNA_exonic	.	0	5	1109	0	1114	0	0.448833034111310592	99.5511669658886894	0	0	0.239617	0.61	0	0
1	248154046	.	G	A	225.76	ncRNA_exonic	.	0	1	1113	0	1114	0	0.0897666068222621185	99.9102333931777379	0	0	0	0	0	0
1	248154089	rs140904971	A	C	13156.59	ncRNA_exonic	.	0	8	1106	0	1114	0	0.718132854578096948	99.2818671454219031	0	0	0.758786	2.72	0	0
1	248154102	rs185245688	G	T,A	14205.1	ncRNA_exonic	.	0	1	1108	0	1109	0	0.0901713255184851217	99.9098286744815149	0	0	0	0	0	0
1	248154119	rs150103231	T	C	4282.61	ncRNA_exonic	.	0	3	1111	0	1114	0	0.269299820466786355	99.7307001795332136	0	0	0.139776	0.45	0	0
1	248154159	rs145467725	C	T	798.3	ncRNA_exonic	.	0	2	1112	0	1114	0	0.179533213644524237	99.8204667863554758	0	0	0.579073	1.89	0	0
1	248154224	rs4925586	C	T	172781.09	ncRNA_exonic	.	0	75	1039	0	1114	0	6.73249551166965889	93.2675044883303411	0	0	1.4377	0.15	0	3.98
1	248154258	.	C	A	2085.76	ncRNA_exonic	.	0	1	1113	0	1114	0	0.0897666068222621185	99.9102333931777379	0	0	0	0	0	0
1	248154308	rs112299283	G	A	97620.54	ncRNA_exonic	.	3	51	1060	0	1114	0.269299820466786355	4.57809694793536804	95.1526032315978456	0	0	4.79233	17.47	0	0.1
1	248154348	.	G	A	1074.78	ncRNA_exonic	.	0	1	1113	0	1114	0	0.0897666068222621185	99.9102333931777379	0	0	0	0	0	0
1	248154493	rs201911921	T	C	31097.14	ncRNA_exonic	.	2	133	979	0	1114	0.179533213644524237	11.9389587073608618	87.881508078994614	0	0	0	0	0	0
1	248154496	rs79304667	A	G	35426.79	intronic	.	1	51	1062	0	1114	0.0897666068222621185	4.57809694793536804	95.3321364452423698	0	0	5.05192	18.31	0	0
1	248154505	rs200140719	A	G	12994.93	intronic	.	2	114	998	0	1114	0.179533213644524237	10.2333931777378815	89.5870736086175943	0	0	0	0	0	0
1	248154521	.	C	T	44.15	intronic	.	0	2	1110	2	1114	0	0.179533213644524237	99.6409335727109515	0	0	6.44968	7.41	12.9	4.77
1	248154564	.	C	T	109.05	intronic	.	1	2	1073	38	1114	0.0897666068222621185	0.179533213644524237	96.3195691202872531	0	0	0.0199681	0	0	0.1
1	248154583	.	T	G	38.43	intronic	.	0	1	1	1112	1114	0	0.0897666068222621185	0.0897666068222621185	0	0	0	0	0	0
BRCA3/Results/all.snp.sum.hg19_multianno.vcf
CHROM	POS	ID	REF	ALT	QUAL	refgene	AA_Change	homalt	hetalt	homref	nogt	total	%homalt	%hetalt	$homref	hapmap	esp	kgall	kgafr	kgeas	kgeur
1	247654315	.	C	A	237.21	upstream	.	0	1	996	0	997	0	0.100300902708124373	99.8996990972918756	0	0	0	0	0	0
1	247654439	rs76706327	G	A	5594.85	exonic	OR2W5:NM_001004698:exon1:c.G10A:p.D4N	0	6	991	0	997	0	0.601805416248746239	99.3981945837512538	0	1.12	1.07827	3.86	0	0
1	247654493	rs79802002	G	T	20051.44	exonic	OR2W5:NM_001004698:exon1:c.G64T:p.G22X	0	13	984	0	997	0	1.30391173520561685	98.6960882647943831	0	1.41	1.67732	5.98	0	0.1
1	247654498	rs61070846	G	A	849406.39	exonic	OR2W5:NM_001004698:exon1:c.G69A:p.L23L	47	304	646	0	997	4.71414242728184554	30.4914744232698094	64.794383149448345	0	18.89	12.9193	14.83	2.88	19.09
1	247654523	rs369712253	T	C	5337.2	exonic	OR2W5:NM_001004698:exon1:c.T94C:p.L32L	0	1	996	0	997	0	0.100300902708124373	99.8996990972918756	0	0.0077	0	0	0	0
1	247654597	.	C	G	38.18	exonic	OR2W5:NM_001004698:exon1:c.C168G:p.H56Q	0	1	996	0	997	0	0.100300902708124373	99.8996990972918756	0	0	0	0	0	0
1	247654610	.	T	A	324.17	exonic	OR2W5:NM_001004698:exon1:c.T181A:p.F61I	0	1	996	0	997	0	0.100300902708124373	99.8996990972918756	0	0	0	0	0	0
1	247654637	rs114355708	G	A	8316.99	exonic	OR2W5:NM_001004698:exon1:c.G208A:p.D70N	0	10	987	0	997	0	1.00300902708124373	98.9969909729187563	0	1.41	1.31789	4.84	0	0
1	247654798	rs76024375	T	G	883.18	exonic	OR2W5:NM_001004698:exon1:c.T369G:p.Y123X	0	1	996	0	997	0	0.100300902708124373	99.8996990972918756	0	0.06	0.0399361	0.15	0	0
1	247654802	.	G	T	578.18	exonic	OR2W5:NM_001004698:exon1:c.G373T:p.A125S	0	1	996	0	997	0	0.100300902708124373	99.8996990972918756	0	0	0	0	0	0
1	247654902	rs116461729	T	A	3821.04	exonic	OR2W5:NM_001004698:exon1:c.T473A:p.I158N	0	5	992	0	997	0	0.501504513540621866	99.4984954864593781	0	1	0.938498	3.33	0	0
1	247654931	rs146064481	C	T	3019.05	exonic	OR2W5:NM_001004698:exon1:c.C502T:p.R168W	0	4	993	0	997	0	0.401203610832497493	99.5987963891675025	0	0.08	0.0399361	0	0	0.2
1	247654941	rs145513251	G	A	1907.18	exonic	OR2W5:NM_001004698:exon1:c.G512A:p.R171H	0	1	996	0	997	0	0.100300902708124373	99.8996990972918756	0	0.04	0	0	0	0
1	247654950	.	T	G	253.31	exonic	OR2W5:NM_001004698:exon1:c.T521G:p.V174G	0	6	991	0	997	0	0.601805416248746239	99.3981945837512538	0	0	0	0	0	0
1	247654954	.	C	T	1760.17	exonic	OR2W5:NM_001004698:exon1:c.C525T:p.D175D	0	1	996	0	997	0	0.100300902708124373	99.8996990972918756	0	0	0	0	0	0
1	247654976	rs140009076	G	A	7017.38	exonic	OR2W5:NM_001004698:exon1:c.G547A:p.A183T	0	8	989	0	997	0	0.802407221664994985	99.197592778335005	0	1.18	0.898562	3.33	0	0
1	247654993	rs10925061	T	C	755565.25	exonic	OR2W5:NM_001004698:exon1:c.T564C:p.S188S	93	420	484	0	997	9.3279839518555667	42.1263791374122367	48.5456369107321966	37.527	34.88	32.3682	45.46	26.59	32.31
1	247655088	rs144597938	G	A	1177.17	exonic	OR2W5:NM_001004698:exon1:c.G659A:p.R220H	0	1	996	0	997	0	0.100300902708124373	99.8996990972918756	0	0.05	0	0	0	0
1	247655102	rs143904230	G	A	21514.49	exonic	OR2W5:NM_001004698:exon1:c.G673A:p.G225S	0	22	975	0	997	0	2.20661985957873621	97.7933801404212638	0	1.14	0.579073	0.23	0	1.29
1	247655202	rs118113848	G	A	559.25	exonic	OR2W5:NM_001004698:exon1:c.G773A:p.R258H	0	2	995	0	997	0	0.200601805416248746	99.7993981945837513	0	0.02	0.0798722	0	0.4	0
1	247655275	rs12141850	T	C	561717.93	exonic	OR2W5:NM_001004698:exon1:c.T846C:p.H282H	95	419	483	0	997	9.52858575727181545	42.0260782347041123	48.4453360080240722	0	35.34	32.3482	46.29	26.19	32.41
1	247655279	rs146381594	C	T	6919.05	exonic	OR2W5:NM_001004698:exon1:c.C850T:p.Q284X	0	5	992	0	997	0	0.501504513540621866	99.4984954864593781	0	0.03	0.678914	0.08	3.27	0
1	247655365	rs74152606	G	C	20504.82	exonic	OR2W5:NM_001004698:exon1:c.G936C:p.W312C	1	35	961	0	997	0.100300902708124373	3.51053159478435306	96.3891675025075226	0	5.12	4.79233	17.62	0	0
1	247655444	.	T	G	175.52	UTR3	.	0	1	992	4	997	0	0.100300902708124373	99.4984954864593781	0	0	0.0199681	0	0.1	0
1	247655508	rs74152607	G	A	7560.15	UTR3	.	4	31	921	41	997	0.401203610832497493	3.10932798395185557	92.3771313941825476	0	0	4.79233	17.62	0	0
1	247655516	rs12123109	C	T	88203.58	UTR3	.	88	265	569	75	997	8.82647943831494483	26.5797392176529589	57.0712136409227683	0	0	24.6006	17.85	26.19	32.41
1	247655729	rs61838187	C	T	6682.91	downstream	.	58	46	401	492	997	5.81745235707121364	4.61384152457372116	40.2206619859578736	0	0	24.5807	17.85	26.19	32.31
COAD2/Results/all.snp.sum.hg19_multianno.vcf
CHROM	POS	ID	REF	ALT	QUAL	refgene	AA_Change	homalt	hetalt	homref	nogt	total	%homalt	%hetalt	$homref	hapmap	esp	kgall	kgafr	kgeas	kgeur
1	248153491	rs114891995	T	C	1499.98	intronic	.	4	10	294	3	311	1.28617363344051447	3.21543408360128617	94.5337620578778135	0	0	5.07188	18.38	0	0
1	248153558	rs79214788	A	T	9998.85	intronic	.	4	10	297	0	311	1.28617363344051447	3.21543408360128617	95.4983922829581994	0	0	5.05192	18.31	0	0
1	248153578	rs72475091	T	A	67249.69	ncRNA_exonic	.	2	46	263	0	311	0.643086816720257235	14.7909967845659164	84.5659163987138264	0	0	9.6246	13.09	15.87	5.07
1	248153613	rs72475092	A	T	88969.69	ncRNA_exonic	.	2	46	263	0	311	0.643086816720257235	14.7909967845659164	84.5659163987138264	0	0	9.6246	13.09	15.87	5.07
1	248153618	.	C	T	810.56	ncRNA_exonic	.	0	1	310	0	311	0	0.321543408360128617	99.6784565916398714	0	0	0	0	0	0
1	248153619	.	G	A	489.56	ncRNA_exonic	.	0	1	310	0	311	0	0.321543408360128617	99.6784565916398714	0	0	0.0399361	0	0	0
1	248153664	.	C	T	783.56	ncRNA_exonic	.	0	1	310	0	311	0	0.321543408360128617	99.6784565916398714	0	0	0	0	0	0
1	248153683	rs139725484	A	G	11202.6	ncRNA_exonic	.	0	6	305	0	311	0	1.9292604501607717	98.0707395498392283	0	0	0.199681	0	0	0.6
1	248153783	.	A	G	1214.56	ncRNA_exonic	.	0	1	310	0	311	0	0.321543408360128617	99.6784565916398714	0	0	0	0	0	0
1	248153901	rs113862338	C	T	24816.85	ncRNA_exonic	.	4	10	297	0	311	1.28617363344051447	3.21543408360128617	95.4983922829581994	0	0	5.05192	18.31	0	0
1	248154024	.	C	G	2779.56	ncRNA_exonic	.	0	1	310	0	311	0	0.321543408360128617	99.6784565916398714	0	0	0	0	0	0
1	248154089	rs140904971	A	C	4089.65	ncRNA_exonic	.	0	2	309	0	311	0	0.643086816720257235	99.3569131832797428	0	0	0.758786	2.72	0	0
1	248154119	rs150103231	T	C	1644.56	ncRNA_exonic	.	0	1	310	0	311	0	0.321543408360128617	99.6784565916398714	0	0	0.139776	0.45	0	0
1	248154159	rs145467725	C	T	1274.56	ncRNA_exonic	.	0	1	310	0	311	0	0.321543408360128617	99.6784565916398714	0	0	0.579073	1.89	0	0
1	248154224	rs4925586	C	T	57470.05	ncRNA_exonic	.	1	21	289	0	311	0.321543408360128617	6.75241157556270096	92.9260450160771704	0	0	1.4377	0.15	0	3.98
1	248154308	rs112299283	G	A	21215.51	ncRNA_exonic	.	3	15	293	0	311	0.964630225080385852	4.82315112540192926	94.2122186495176849	0	0	4.79233	17.47	0	0.1
1	248154493	rs201911921	T	C	6538.02	ncRNA_exonic	.	0	31	280	0	311	0	9.96784565916398714	90.0321543408360129	0	0	0	0	0	0
1	248154496	rs79304667	A	G	7643.39	intronic	.	4	10	297	0	311	1.28617363344051447	3.21543408360128617	95.4983922829581994	0	0	5.05192	18.31	0	0
1	248154505	rs200140719	A	G	3089.12	intronic	.	0	28	283	0	311	0	9.00321543408360129	90.9967845659163987	0	0	0	0	0	0
1	248154564	.	C	T	286.25	intronic	.	0	1	307	3	311	0	0.321543408360128617	98.7138263665594855	0	0	0.0199681	0	0	0.1
LUAD2/Results/all.snp.sum.hg19_multianno.vcf
CHROM	POS	ID	REF	ALT	QUAL	refgene	AA_Change	homalt	hetalt	homref	nogt	total	%homalt	%hetalt	$homref	hapmap	esp	kgall	kgafr	kgeas	kgeur
1	248153509	.	G	C	39.34	intronic	.	0	1	644	34	679	0	0.14727540500736377	94.845360824742268	0	0	0	0	0	0
1	248153530	.	C	A	413.83	intronic	.	0	2	675	2	679	0	0.29455081001472754	99.4108983799705449	0	0	0.0199681	0	0	0
1	248153558	rs79214788	A	T	6214.66	intronic	.	1	17	661	0	679	0.14727540500736377	2.50368188512518409	97.3490427098674521	0	0	5.05192	18.31	0	0
1	248153578	rs72475091	T	A	44215.14	ncRNA_exonic	.	3	84	592	0	679	0.441826215022091311	12.3711340206185567	87.187039764359352	0	0	9.6246	13.09	15.87	5.07
1	248153613	rs72475092	A	T	90762.22	ncRNA_exonic	.	3	85	591	0	679	0.441826215022091311	12.5184094256259205	87.0397643593519882	0	0	9.6246	13.09	15.87	5.07
1	248153664	.	C	T	6839.79	ncRNA_exonic	.	0	3	676	0	679	0	0.441826215022091311	99.5581737849779087	0	0	0	0	0	0
1	248153683	rs139725484	A	G	31738.51	ncRNA_exonic	.	0	10	669	0	679	0	1.4727540500736377	98.5272459499263623	0	0	0.199681	0	0	0.6
1	248153739	.	C	T	3536.63	ncRNA_exonic	.	0	1	678	0	679	0	0.14727540500736377	99.8527245949926362	0	0	0	0	0	0
1	248153807	.	T	C	1666.63	ncRNA_exonic	.	0	1	678	0	679	0	0.14727540500736377	99.8527245949926362	0	0	0.0199681	0.08	0	0
1	248153868	.	G	A	1386.63	ncRNA_exonic	.	0	1	678	0	679	0	0.14727540500736377	99.8527245949926362	0	0	0	0	0	0
1	248153901	rs113862338	C	T	29038.03	ncRNA_exonic	.	1	18	660	0	679	0.14727540500736377	2.65095729013254786	97.2017673048600884	0	0	5.05192	18.31	0	0
1	248154023	rs180966267	T	G	985.63	ncRNA_exonic	.	0	1	678	0	679	0	0.14727540500736377	99.8527245949926362	0	0	0.0998403	0.38	0	0
1	248154024	.	C	G	1474.63	ncRNA_exonic	.	0	1	678	0	679	0	0.14727540500736377	99.8527245949926362	0	0	0	0	0	0
1	248154071	.	T	G	1553.63	ncRNA_exonic	.	0	1	678	0	679	0	0.14727540500736377	99.8527245949926362	0	0	0	0	0	0
1	248154089	rs140904971	A	C	943.63	ncRNA_exonic	.	0	1	678	0	679	0	0.14727540500736377	99.8527245949926362	0	0	0.758786	2.72	0	0
1	248154102	rs185245688	G	A	11848.81	ncRNA_exonic	.	0	7	672	0	679	0	1.03092783505154639	98.9690721649484536	0	0	0.159744	0.08	0	0.4
1	248154159	rs145467725	C	T	1190.63	ncRNA_exonic	.	0	1	678	0	679	0	0.14727540500736377	99.8527245949926362	0	0	0.579073	1.89	0	0
1	248154224	rs4925586	C	T	55346.29	ncRNA_exonic	.	0	38	641	0	679	0	5.59646539027982327	94.4035346097201767	0	0	1.4377	0.15	0	3.98
1	248154275	.	G	A	2182.63	ncRNA_exonic	.	0	1	678	0	679	0	0.14727540500736377	99.8527245949926362	0	0	0.0199681	0	0.1	0
1	248154308	rs112299283	G	A	31841.99	ncRNA_exonic	.	3	14	662	0	679	0.441826215022091311	2.06185567010309278	97.4963181148748159	0	0	4.79233	17.47	0	0.1
1	248154414	.	C	T	1002.63	ncRNA_exonic	.	0	1	678	0	679	0	0.14727540500736377	99.8527245949926362	0	0	0	0	0	0
1	248154416	.	A	G	801.63	ncRNA_exonic	.	0	1	678	0	679	0	0.14727540500736377	99.8527245949926362	0	0	0	0	0	0
1	248154493	rs201911921	T	C	15077.99	ncRNA_exonic	.	0	73	606	0	679	0	10.7511045655375552	89.2488954344624448	0	0	0	0	0	0
1	248154496	rs79304667	A	G	14635.05	intronic	.	1	18	660	0	679	0.14727540500736377	2.65095729013254786	97.2017673048600884	0	0	5.05192	18.31	0	0
1	248154505	rs200140719	A	G	5844.17	intronic	.	0	63	616	0	679	0	9.27835051546391753	90.7216494845360825	0	0	0	0	0	0
1	248154564	.	C	T	119.95	intronic	.	0	1	0	678	679	0	0.14727540500736377	0	0	0	0.0199681	0	0	0.1
LUAD3/Results/all.snp.sum.hg19_multianno.vcf
CHROM	POS	ID	REF	ALT	QUAL	refgene	AA_Change	homalt	hetalt	homref	nogt	total	%homalt	%hetalt	$homref	hapmap	esp	kgall	kgafr	kgeas	kgeur
1	247654439	rs76706327	G	A	6999.44	exonic	OR2W5:NM_001004698:exon1:c.G10A:p.D4N	1	5	681	0	687	0.145560407569141194	0.727802037845705968	99.1266375545851528	0	1.12	1.07827	3.86	0	0
1	247654493	rs79802002	G	T	4957.44	exonic	OR2W5:NM_001004698:exon1:c.G64T:p.G22X	1	5	681	0	687	0.145560407569141194	0.727802037845705968	99.1266375545851528	0	1.41	1.67732	5.98	0	0.1
1	247654498	rs61070846	G	A	254790.62	exonic	OR2W5:NM_001004698:exon1:c.G69A:p.L23L	26	220	441	0	687	3.78457059679767103	32.0232896652110626	64.1921397379912664	0	18.89	12.9193	14.83	2.88	19.09
1	247654637	rs114355708	G	A	6862.14	exonic	OR2W5:NM_001004698:exon1:c.G208A:p.D70N	0	8	679	0	687	0	1.16448326055312955	98.8355167394468705	0	1.41	1.31789	4.84	0	0
1	247654715	.	G	A	1344.59	exonic	OR2W5:NM_001004698:exon1:c.G286A:p.G96S	0	1	686	0	687	0	0.145560407569141194	99.8544395924308588	0	0	0	0	0	0
1	247654888	.	C	T	131.42	exonic	OR2W5:NM_001004698:exon1:c.C459T:p.F153F	0	5	682	0	687	0	0.727802037845705968	99.272197962154294	0	0	0	0	0	0
1	247654902	rs116461729	T	A	5788.36	exonic	OR2W5:NM_001004698:exon1:c.T473A:p.I158N	0	6	681	0	687	0	0.873362445414847162	99.1266375545851528	0	1	0.938498	3.33	0	0
1	247654976	rs140009076	G	A	5198.23	exonic	OR2W5:NM_001004698:exon1:c.G547A:p.A183T	0	2	685	0	687	0	0.291120815138282387	99.7088791848617176	0	1.18	0.898562	3.33	0	0
1	247654993	rs10925061	T	C	1011564.61	exonic	OR2W5:NM_001004698:exon1:c.T564C:p.S188S	65	304	318	0	687	9.46142649199417758	44.2503639010189229	46.2882096069868996	37.527	34.88	32.3682	45.46	26.59	32.31
1	247655102	rs143904230	G	A	49122.44	exonic	OR2W5:NM_001004698:exon1:c.G673A:p.G225S	0	26	661	0	687	0	3.78457059679767103	96.215429403202329	0	1.14	0.579073	0.23	0	1.29
1	247655275	rs12141850	T	C	801763.73	exonic	OR2W5:NM_001004698:exon1:c.T846C:p.H282H	69	302	316	0	687	10.0436681222707424	43.9592430858806405	45.9970887918486172	0	35.34	32.3482	46.29	26.19	32.41
1	247655279	rs146381594	C	T	2238.59	exonic	OR2W5:NM_001004698:exon1:c.C850T:p.Q284X	0	1	686	0	687	0	0.145560407569141194	99.8544395924308588	0	0.03	0.678914	0.08	3.27	0
1	247655365	rs74152606	G	C	13220.61	exonic	OR2W5:NM_001004698:exon1:c.G936C:p.W312C	1	14	672	0	687	0.145560407569141194	2.03784570596797671	97.8165938864628821	0	5.12	4.79233	17.62	0	0
1	247655422	.	C	T	190.59	UTR3	.	0	1	686	0	687	0	0.145560407569141194	99.8544395924308588	0	0	0	0	0	0
1	247655508	rs74152607	G	A	1848.44	UTR3	.	2	11	670	4	687	0.291120815138282387	1.60116448326055313	97.5254730713245997	0	0	4.79233	17.62	0	0
1	247655516	rs12123109	C	T	65147.58	UTR3	.	57	270	351	9	687	8.29694323144104804	39.3013100436681223	51.091703056768559	0	0	24.6006	17.85	26.19	32.41
1	247655729	rs61838187	C	T	301.69	downstream	.	3	1	96	587	687	0.436681222707423581	0.145560407569141194	13.9737991266375546	0	0	24.5807	17.85	26.19	32.31
LUSC2/Results/all.snp.sum.hg19_multianno.vcf
CHROM	POS	ID	REF	ALT	QUAL	refgene	AA_Change	homalt	hetalt	homref	nogt	total	%homalt	%hetalt	$homref	hapmap	esp	kgall	kgafr	kgeas	kgeur
1	248153558	rs79214788	A	T	1162.85	intronic	.	0	6	489	1	496	0	1.20967741935483871	98.5887096774193548	0	0	5.05192	18.31	0	0
1	248153578	rs72475091	T	A	28408.25	ncRNA_exonic	.	1	58	437	0	496	0.201612903225806452	11.6935483870967742	88.1048387096774194	0	0	9.6246	13.09	15.87	5.07
1	248153613	rs72475092	A	T	57265.64	ncRNA_exonic	.	0	59	437	0	496	0	11.8951612903225806	88.1048387096774194	0	0	9.6246	13.09	15.87	5.07
1	248153665	rs74155865	G	A	3709.82	ncRNA_exonic	.	0	1	495	0	496	0	0.201612903225806452	99.7983870967741935	0	0	0.339457	1.21	0	0
1	248153683	rs139725484	A	G	34653.02	ncRNA_exonic	.	0	10	486	0	496	0	2.01612903225806452	97.9838709677419355	0	0	0.199681	0	0	0.6
1	248153901	rs113862338	C	T	7171.68	ncRNA_exonic	.	0	6	490	0	496	0	1.20967741935483871	98.7903225806451613	0	0	5.05192	18.31	0	0
1	248153983	.	A	C	1027.82	ncRNA_exonic	.	0	1	495	0	496	0	0.201612903225806452	99.7983870967741935	0	0	0	0	0	0
1	248154102	rs185245688	G	A	9207.83	ncRNA_exonic	.	0	5	491	0	496	0	1.00806451612903226	98.9919354838709677	0	0	0.159744	0.08	0	0.4
1	248154135	.	C	T	2658.88	ncRNA_exonic	.	0	2	494	0	496	0	0.403225806451612903	99.5967741935483871	0	0	0	0	0	0
1	248154159	rs145467725	C	T	1868.82	ncRNA_exonic	.	0	1	495	0	496	0	0.201612903225806452	99.7983870967741935	0	0	0.579073	1.89	0	0
1	248154160	.	G	A	3868.82	ncRNA_exonic	.	0	1	495	0	496	0	0.201612903225806452	99.7983870967741935	0	0	0	0	0	0
1	248154224	rs4925586	C	T	64741.74	ncRNA_exonic	.	2	33	461	0	496	0.403225806451612903	6.6532258064516129	92.9435483870967742	0	0	1.4377	0.15	0	3.98
1	248154229	.	T	C	2093.82	ncRNA_exonic	.	0	1	495	0	496	0	0.201612903225806452	99.7983870967741935	0	0	0	0	0	0
1	248154308	rs112299283	G	A	15894.17	ncRNA_exonic	.	2	10	484	0	496	0.403225806451612903	2.01612903225806452	97.5806451612903226	0	0	4.79233	17.47	0	0.1
1	248154324	.	C	T	4587.88	ncRNA_exonic	.	0	2	494	0	496	0	0.403225806451612903	99.5967741935483871	0	0	0	0	0	0
1	248154493	rs201911921	T	C	14222.97	ncRNA_exonic	.	2	56	438	0	496	0.403225806451612903	11.2903225806451613	88.3064516129032258	0	0	0	0	0	0
1	248154496	rs79304667	A	G	3146.71	intronic	.	0	6	490	0	496	0	1.20967741935483871	98.7903225806451613	0	0	5.05192	18.31	0	0
1	248154505	rs200140719	A	G	5251.13	intronic	.	1	50	445	0	496	0.201612903225806452	10.0806451612903226	89.717741935483871	0	0	0	0	0	0
LUSC3/Results/all.snp.sum.hg19_multianno.vcf
CHROM	POS	ID	REF	ALT	QUAL	refgene	AA_Change	homalt	hetalt	homref	nogt	total	%homalt	%hetalt	$homref	hapmap	esp	kgall	kgafr	kgeas	kgeur
1	247654459	.	G	A	1055.22	exonic	OR2W5:NM_001004698:exon1:c.G30A:p.Q10Q	0	1	580	0	581	0	0.172117039586919105	99.8278829604130809	0	0	0	0	0	0
1	247654493	rs79802002	G	T	5514.64	exonic	OR2W5:NM_001004698:exon1:c.G64T:p.G22X	0	6	575	0	581	0	1.03270223752151463	98.9672977624784854	0	1.41	1.67732	5.98	0	0.1
1	247654498	rs61070846	G	A	254148.96	exonic	OR2W5:NM_001004698:exon1:c.G69A:p.L23L	21	181	379	0	581	3.6144578313253012	31.153184165232358	65.2323580034423408	0	18.89	12.9193	14.83	2.88	19.09
1	247654637	rs114355708	G	A	3171.12	exonic	OR2W5:NM_001004698:exon1:c.G208A:p.D70N	0	4	577	0	581	0	0.68846815834767642	99.3115318416523236	0	1.41	1.31789	4.84	0	0
1	247654714	rs201479742	C	T	2035.59	exonic	OR2W5:NM_001004698:exon1:c.C285T:p.H95H	0	2	579	0	581	0	0.34423407917383821	99.6557659208261618	0	0	0.259585	0	0	0
1	247654778	.	G	T	1782.22	exonic	OR2W5:NM_001004698:exon1:c.G349T:p.V117F	0	1	580	0	581	0	0.172117039586919105	99.8278829604130809	0	0	0	0	0	0
1	247654798	rs76024375	T	G	449.22	exonic	OR2W5:NM_001004698:exon1:c.T369G:p.Y123X	0	1	580	0	581	0	0.172117039586919105	99.8278829604130809	0	0.06	0.0399361	0.15	0	0
1	247654888	.	C	T	241.59	exonic	OR2W5:NM_001004698:exon1:c.C459T:p.F153F	0	5	576	0	581	0	0.860585197934595525	99.1394148020654045	0	0	0	0	0	0
1	247654895	.	T	C	890.22	exonic	OR2W5:NM_001004698:exon1:c.T466C:p.S156P	0	1	580	0	581	0	0.172117039586919105	99.8278829604130809	0	0	0	0	0	0
1	247654931	rs146064481	C	T	4486.73	exonic	OR2W5:NM_001004698:exon1:c.C502T:p.R168W	0	3	578	0	581	0	0.516351118760757315	99.4836488812392427	0	0.08	0.0399361	0	0	0.2
1	247654941	rs145513251	G	A	1917.59	exonic	OR2W5:NM_001004698:exon1:c.G512A:p.R171H	0	2	579	0	581	0	0.34423407917383821	99.6557659208261618	0	0.04	0	0	0	0
1	247654976	rs140009076	G	A	5649.12	exonic	OR2W5:NM_001004698:exon1:c.G547A:p.A183T	0	4	577	0	581	0	0.68846815834767642	99.3115318416523236	0	1.18	0.898562	3.33	0	0
1	247654993	rs10925061	T	C	1021907.32	exonic	OR2W5:NM_001004698:exon1:c.T564C:p.S188S	69	250	262	0	581	11.8760757314974182	43.0292598967297763	45.0946643717728055	37.527	34.88	32.3682	45.46	26.59	32.31
1	247655063	.	C	T	5385.61	exonic	OR2W5:NM_001004698:exon1:c.C634T:p.L212F	0	2	579	0	581	0	0.34423407917383821	99.6557659208261618	0	0	0.0399361	0	0	0
1	247655088	rs144597938	G	A	2010.22	exonic	OR2W5:NM_001004698:exon1:c.G659A:p.R220H	0	1	580	0	581	0	0.172117039586919105	99.8278829604130809	0	0.05	0	0	0	0
1	247655102	rs143904230	G	A	24827.21	exonic	OR2W5:NM_001004698:exon1:c.G673A:p.G225S	0	12	569	0	581	0	2.06540447504302926	97.9345955249569707	0	1.14	0.579073	0.23	0	1.29
1	247655147	.	C	T	1879.22	exonic	OR2W5:NM_001004698:exon1:c.C718T:p.H240Y	0	1	580	0	581	0	0.172117039586919105	99.8278829604130809	0	0	0	0	0	0
1	247655271	.	G	A	2113.59	exonic	OR2W5:NM_001004698:exon1:c.G842A:p.R281H	0	2	579	0	581	0	0.34423407917383821	99.6557659208261618	0	0	0	0	0	0
1	247655275	rs12141850	T	C	773096.36	exonic	OR2W5:NM_001004698:exon1:c.T846C:p.H282H	70	250	261	0	581	12.0481927710843373	43.0292598967297763	44.9225473321858864	0	35.34	32.3482	46.29	26.19	32.41
1	247655365	rs74152606	G	C	16518.71	exonic	OR2W5:NM_001004698:exon1:c.G936C:p.W312C	2	9	570	0	581	0.34423407917383821	1.54905335628227194	98.1067125645438898	0	5.12	4.79233	17.62	0	0
1	247655508	rs74152607	G	A	2472.18	UTR3	.	3	7	570	1	581	0.516351118760757315	1.20481927710843373	98.1067125645438898	0	0	4.79233	17.62	0	0
1	247655516	rs12123109	C	T	62578.04	UTR3	.	63	223	286	9	581	10.8433734939759036	38.3820998278829604	49.225473321858864	0	0	24.6006	17.85	26.19	32.41
1	247655729	rs61838187	C	T	446.05	downstream	.	8	1	82	490	581	1.37693631669535284	0.172117039586919105	14.1135972461273666	0	0	24.5807	17.85	26.19	32.31
READ2/Results/all.snp.sum.hg19_multianno.vcf
CHROM	POS	ID	REF	ALT	QUAL	refgene	AA_Change	homalt	hetalt	homref	nogt	total	%homalt	%hetalt	$homref	hapmap	esp	kgall	kgafr	kgeas	kgeur
1	248153491	rs114891995	T	C	235.59	intronic	.	0	3	110	0	113	0	2.65486725663716814	97.3451327433628319	0	0	5.07188	18.38	0	0
1	248153558	rs79214788	A	T	2297.6	intronic	.	0	4	109	0	113	0	3.53982300884955752	96.4601769911504425	0	0	5.05192	18.31	0	0
1	248153578	rs72475091	T	A	21021.86	ncRNA_exonic	.	1	14	98	0	113	0.884955752212389381	12.3893805309734513	86.7256637168141593	0	0	9.6246	13.09	15.87	5.07
1	248153613	rs72475092	A	T	28358.86	ncRNA_exonic	.	1	14	98	0	113	0.884955752212389381	12.3893805309734513	86.7256637168141593	0	0	9.6246	13.09	15.87	5.07
1	248153618	.	C	T	988.28	ncRNA_exonic	.	0	1	112	0	113	0	0.884955752212389381	99.1150442477876106	0	0	0	0	0	0
1	248153683	rs139725484	A	G	4130.78	ncRNA_exonic	.	0	2	111	0	113	0	1.76991150442477876	98.2300884955752212	0	0	0.199681	0	0	0.6
1	248153901	rs113862338	C	T	5726.6	ncRNA_exonic	.	0	4	109	0	113	0	3.53982300884955752	96.4601769911504425	0	0	5.05192	18.31	0	0
1	248154024	.	C	G	2351.28	ncRNA_exonic	.	0	1	112	0	113	0	0.884955752212389381	99.1150442477876106	0	0	0	0	0	0
1	248154089	rs140904971	A	C	3113.05	ncRNA_exonic	.	0	3	110	0	113	0	2.65486725663716814	97.3451327433628319	0	0	0.758786	2.72	0	0
1	248154224	rs4925586	C	T	10404.6	ncRNA_exonic	.	0	4	109	0	113	0	3.53982300884955752	96.4601769911504425	0	0	1.4377	0.15	0	3.98
1	248154308	rs112299283	G	A	2351.78	ncRNA_exonic	.	0	2	111	0	113	0	1.76991150442477876	98.2300884955752212	0	0	4.79233	17.47	0	0.1
1	248154493	rs201911921	T	C	1618.72	ncRNA_exonic	.	0	6	107	0	113	0	5.30973451327433628	94.6902654867256637	0	0	0	0	0	0
1	248154496	rs79304667	A	G	1557.6	intronic	.	0	4	109	0	113	0	3.53982300884955752	96.4601769911504425	0	0	5.05192	18.31	0	0
1	248154505	rs200140719	A	G	568.93	intronic	.	0	4	109	0	113	0	3.53982300884955752	96.4601769911504425	0	0	0	0	0	0
1	248154564	.	C	T	407.64	intronic	.	0	1	111	1	113	0	0.884955752212389381	98.2300884955752212	0	0	0.0199681	0	0	0.1
READ3/Results/all.snp.sum.hg19_multianno.vcf
CHROM	POS	ID	REF	ALT	QUAL	refgene	AA_Change	homalt	hetalt	homref	nogt	total	%homalt	%hetalt	$homref	hapmap	esp	kgall	kgafr	kgeas	kgeur
1	247654439	rs76706327	G	A	876.28	exonic	OR2W5:NM_001004698:exon1:c.G10A:p.D4N	0	1	112	0	113	0	0.884955752212389381	99.1150442477876106	0	1.12	1.07827	3.86	0	0
1	247654498	rs61070846	G	A	101828.58	exonic	OR2W5:NM_001004698:exon1:c.G69A:p.L23L	3	34	76	0	113	2.65486725663716814	30.0884955752212389	67.2566371681415929	0	18.89	12.9193	14.83	2.88	19.09
1	247654931	rs146064481	C	T	660.28	exonic	OR2W5:NM_001004698:exon1:c.C502T:p.R168W	0	1	112	0	113	0	0.884955752212389381	99.1150442477876106	0	0.08	0.0399361	0	0	0.2
1	247654993	rs10925061	T	C	96732.81	exonic	OR2W5:NM_001004698:exon1:c.T564C:p.S188S	12	42	59	0	113	10.6194690265486726	37.168141592920354	52.2123893805309735	37.527	34.88	32.3682	45.46	26.59	32.31
1	247655102	rs143904230	G	A	3119.05	exonic	OR2W5:NM_001004698:exon1:c.G673A:p.G225S	0	3	110	0	113	0	2.65486725663716814	97.3451327433628319	0	1.14	0.579073	0.23	0	1.29
1	247655275	rs12141850	T	C	119760.63	exonic	OR2W5:NM_001004698:exon1:c.T846C:p.H282H	11	42	60	0	113	9.73451327433628319	37.168141592920354	53.0973451327433628	0	35.34	32.3482	46.29	26.19	32.41
1	247655365	rs74152606	G	C	3135.78	exonic	OR2W5:NM_001004698:exon1:c.G936C:p.W312C	0	2	111	0	113	0	1.76991150442477876	98.2300884955752212	0	5.12	4.79233	17.62	0	0
1	247655441	.	A	G	649.28	UTR3	.	0	1	112	0	113	0	0.884955752212389381	99.1150442477876106	0	0	0	0	0	0
1	247655508	rs74152607	G	A	548.2	UTR3	.	0	2	111	0	113	0	1.76991150442477876	98.2300884955752212	0	0	4.79233	17.62	0	0
1	247655516	rs12123109	C	T	14365.18	UTR3	.	12	37	64	0	113	10.6194690265486726	32.7433628318584071	56.6371681415929204	0	0	24.6006	17.85	26.19	32.41
1	247655729	rs61838187	C	T	1210.82	downstream	.	12	6	72	23	113	10.6194690265486726	5.30973451327433628	63.7168141592920354	0	0	24.5807	17.85	26.19	32.31
SKCM2/Results/all.snp.sum.hg19_multianno.vcf
CHROM	POS	ID	REF	ALT	QUAL	refgene	AA_Change	homalt	hetalt	homref	nogt	total	%homalt	%hetalt	$homref	hapmap	esp	kgall	kgafr	kgeas	kgeur
1	248153578	rs72475091	T	A	30339.69	ncRNA_exonic	.	2	100	615	0	717	0.278940027894002789	13.9470013947001395	85.7740585774058577	0	0	9.6246	13.09	15.87	5.07
1	248153613	rs72475092	A	T	63857.96	ncRNA_exonic	.	2	100	615	0	717	0.278940027894002789	13.9470013947001395	85.7740585774058577	0	0	9.6246	13.09	15.87	5.07
1	248153661	.	T	C	2542.88	ncRNA_exonic	.	0	2	715	0	717	0	0.278940027894002789	99.7210599721059972	0	0	0	0	0	0
1	248153664	.	C	T	2675.88	ncRNA_exonic	.	0	2	715	0	717	0	0.278940027894002789	99.7210599721059972	0	0	0	0	0	0
1	248153683	rs139725484	A	G	18371.68	ncRNA_exonic	.	0	8	709	0	717	0	1.11576011157601116	98.8842398884239888	0	0	0.199681	0	0	0.6
1	248154024	.	C	G	2209.43	ncRNA_exonic	.	0	1	716	0	717	0	0.139470013947001395	99.8605299860529986	0	0	0	0	0	0
1	248154102	rs185245688	G	A,T	10622.94	ncRNA_exonic	.	0	11	704	0	715	0	1.53846153846153846	98.4615384615384615	0	0	0.159744	0.08	0	0.4
1	248154137	.	G	T	1542.43	ncRNA_exonic	.	0	1	716	0	717	0	0.139470013947001395	99.8605299860529986	0	0	0	0	0	0
1	248154195	.	C	T	1396.43	ncRNA_exonic	.	0	1	716	0	717	0	0.139470013947001395	99.8605299860529986	0	0	0	0	0	0
1	248154224	rs4925586	C	T	43052.81	ncRNA_exonic	.	0	50	667	0	717	0	6.97350069735006973	93.0264993026499303	0	0	1.4377	0.15	0	3.98
1	248154308	rs112299283	G	A	4137.58	ncRNA_exonic	.	0	4	713	0	717	0	0.557880055788005579	99.4421199442119944	0	0	4.79233	17.47	0	0.1
1	248154322	.	T	C	1251.43	ncRNA_exonic	.	0	1	716	0	717	0	0.139470013947001395	99.8605299860529986	0	0	0	0	0	0
1	248154493	rs201911921	T	C	9071.73	ncRNA_exonic	.	4	61	652	0	717	0.557880055788005579	8.50767085076708508	90.9344490934449093	0	0	0	0	0	0
1	248154505	rs200140719	A	G	3672.98	intronic	.	4	52	661	0	717	0.557880055788005579	7.25244072524407252	92.1896792189679219	0	0	0	0	0	0
1	248154564	.	C	T	100.98	intronic	.	0	1	0	716	717	0	0.139470013947001395	0	0	0	0.0199681	0	0	0.1
SKCM3/Results/all.snp.sum.hg19_multianno.vcf
CHROM	POS	ID	REF	ALT	QUAL	refgene	AA_Change	homalt	hetalt	homref	nogt	total	%homalt	%hetalt	$homref	hapmap	esp	kgall	kgafr	kgeas	kgeur
1	247654498	rs61070846	G	A	243858.89	exonic	OR2W5:NM_001004698:exon1:c.G69A:p.L23L	36	277	404	0	717	5.02092050209205021	38.6331938633193863	56.3458856345885635	0	18.89	12.9193	14.83	2.88	19.09
1	247654931	rs146064481	C	T	2919.58	exonic	OR2W5:NM_001004698:exon1:c.C502T:p.R168W	0	4	713	0	717	0	0.557880055788005579	99.4421199442119944	0	0.08	0.0399361	0	0	0.2
1	247654993	rs10925061	T	C	670753.36	exonic	OR2W5:NM_001004698:exon1:c.T564C:p.S188S	60	283	374	0	717	8.36820083682008368	39.4700139470013947	52.1617852161785216	37.527	34.88	32.3682	45.46	26.59	32.31
1	247655102	rs143904230	G	A	43593.86	exonic	OR2W5:NM_001004698:exon1:c.G673A:p.G225S	0	37	680	0	717	0	5.1603905160390516	94.8396094839609484	0	1.14	0.579073	0.23	0	1.29
1	247655275	rs12141850	T	C	473742.36	exonic	OR2W5:NM_001004698:exon1:c.T846C:p.H282H	60	283	374	0	717	8.36820083682008368	39.4700139470013947	52.1617852161785216	0	35.34	32.3482	46.29	26.19	32.41
1	247655343	.	C	A	54.88	exonic	OR2W5:NM_001004698:exon1:c.C914A:p.S305Y	0	2	715	0	717	0	0.278940027894002789	99.7210599721059972	0	0	0	0	0	0
1	247655365	rs74152606	G	C	1519.88	exonic	OR2W5:NM_001004698:exon1:c.G936C:p.W312C	0	2	715	0	717	0	0.278940027894002789	99.7210599721059972	0	5.12	4.79233	17.62	0	0
1	247655475	rs148569848	C	T	721.79	UTR3	.	0	4	713	0	717	0	0.557880055788005579	99.4421199442119944	0	0	0.0599042	0.08	0	0
1	247655508	rs74152607	G	A	32.08	UTR3	.	0	2	713	2	717	0	0.278940027894002789	99.4421199442119944	0	0	4.79233	17.62	0	0
1	247655516	rs12123109	C	T	35242.58	UTR3	.	72	208	428	9	717	10.0418410041841004	29.0097629009762901	59.6931659693165969	0	0	24.6006	17.85	26.19	32.41
1	247655729	rs61838187	C	T	282.32	downstream	.	6	0	91	620	717	0.836820083682008368	0	12.6917712691771269	0	0	24.5807	17.85	26.19	32.31
THCA_Germ2/Results/all.snp.sum.hg19_multianno.vcf
CHROM	POS	ID	REF	ALT	QUAL	refgene	AA_Change	homalt	hetalt	homref	nogt	total	%homalt	%hetalt	$homref	hapmap	esp	kgall	kgafr	kgeas	kgeur
1	247654404	.	T	A	413.41	UTR5	.	0	1	422	0	423	0	0.23640661938534279	99.7635933806146572	0	0	0.139776	0	0	0
1	247654439	rs76706327	G	A	684.16	exonic	OR2W5:NM_001004698:exon1:c.G10A:p.D4N	0	2	421	0	423	0	0.472813238770685579	99.5271867612293144	0	1.12	1.07827	3.86	0	0
1	247654493	rs79802002	G	T	2418.16	exonic	OR2W5:NM_001004698:exon1:c.G64T:p.G22X	0	2	421	0	423	0	0.472813238770685579	99.5271867612293144	0	1.41	1.67732	5.98	0	0.1
1	247654498	rs61070846	G	A	146583.75	exonic	OR2W5:NM_001004698:exon1:c.G69A:p.L23L	20	124	279	0	423	4.72813238770685579	29.3144208037825059	65.9574468085106383	0	18.89	12.9193	14.83	2.88	19.09
1	247654599	.	C	T	240.41	exonic	OR2W5:NM_001004698:exon1:c.C170T:p.T57I	0	1	422	0	423	0	0.23640661938534279	99.7635933806146572	0	0	0	0	0	0
1	247654637	rs114355708	G	A	552.41	exonic	OR2W5:NM_001004698:exon1:c.G208A:p.D70N	0	1	422	0	423	0	0.23640661938534279	99.7635933806146572	0	1.41	1.31789	4.84	0	0
1	247654902	rs116461729	T	A	2395.16	exonic	OR2W5:NM_001004698:exon1:c.T473A:p.I158N	0	2	421	0	423	0	0.472813238770685579	99.5271867612293144	0	1	0.938498	3.33	0	0
1	247654954	.	C	T	820.41	exonic	OR2W5:NM_001004698:exon1:c.C525T:p.D175D	0	1	422	0	423	0	0.23640661938534279	99.7635933806146572	0	0	0	0	0	0
1	247654976	rs140009076	G	A	2053.41	exonic	OR2W5:NM_001004698:exon1:c.G547A:p.A183T	0	1	422	0	423	0	0.23640661938534279	99.7635933806146572	0	1.18	0.898562	3.33	0	0
1	247654993	rs10925061	T	C	721254.88	exonic	OR2W5:NM_001004698:exon1:c.T564C:p.S188S	40	196	187	0	423	9.45626477541371158	46.3356973995271868	44.2080378250591017	37.527	34.88	32.3682	45.46	26.59	32.31
1	247655061	rs372004857	C	T	2041.41	exonic	OR2W5:NM_001004698:exon1:c.C632T:p.A211V	0	1	422	0	423	0	0.23640661938534279	99.7635933806146572	0	0.0077	0	0	0	0
1	247655063	.	C	G	2924.41	exonic	OR2W5:NM_001004698:exon1:c.C634G:p.L212V	0	1	422	0	423	0	0.23640661938534279	99.7635933806146572	0	0	0	0	0	0
1	247655102	rs143904230	G	A	25799.07	exonic	OR2W5:NM_001004698:exon1:c.G673A:p.G225S	0	11	412	0	423	0	2.60047281323877069	97.3995271867612293	0	1.14	0.579073	0.23	0	1.29
1	247655270	rs145467846	C	T	2839.41	exonic	OR2W5:NM_001004698:exon1:c.C841T:p.R281C	0	1	422	0	423	0	0.23640661938534279	99.7635933806146572	0	0.0077	0.0199681	0	0	0
1	247655275	rs12141850	T	C	543289.04	exonic	OR2W5:NM_001004698:exon1:c.T846C:p.H282H	36	196	191	0	423	8.51063829787234043	46.3356973995271868	45.1536643026004728	0	35.34	32.3482	46.29	26.19	32.41
1	247655279	rs146381594	C	T	1360.41	exonic	OR2W5:NM_001004698:exon1:c.C850T:p.Q284X	0	1	422	0	423	0	0.23640661938534279	99.7635933806146572	0	0.03	0.678914	0.08	3.27	0
1	247655365	rs74152606	G	C	2698.68	exonic	OR2W5:NM_001004698:exon1:c.G936C:p.W312C	0	3	420	0	423	0	0.709219858156028369	99.2907801418439716	0	5.12	4.79233	17.62	0	0
1	247655508	rs74152607	G	A	593.59	UTR3	.	0	3	418	2	423	0	0.709219858156028369	98.8179669030732861	0	0	4.79233	17.62	0	0
1	247655516	rs12123109	C	T	41175.28	UTR3	.	37	170	210	6	423	8.74704491725768322	40.1891252955082742	49.6453900709219858	0	0	24.6006	17.85	26.19	32.41
1	247655729	rs61838187	C	T	293.37	downstream	.	6	0	35	382	423	1.41843971631205674	0	8.27423167848699764	0	0	24.5807	17.85	26.19	32.31
1	248153558	rs79214788	A	T	2962.12	intronic	.	1	4	418	0	423	0.23640661938534279	0.945626477541371158	98.8179669030732861	0	0	5.05192	18.31	0	0
1	248153578	rs72475091	T	A	20337.96	ncRNA_exonic	.	2	41	380	0	423	0.472813238770685579	9.69267139479905437	89.83451536643026	0	0	9.6246	13.09	15.87	5.07
1	248153613	rs72475092	A	T	40009.76	ncRNA_exonic	.	2	41	380	0	423	0.472813238770685579	9.69267139479905437	89.83451536643026	0	0	9.6246	13.09	15.87	5.07
1	248153664	.	C	T	2002.41	ncRNA_exonic	.	0	1	422	0	423	0	0.23640661938534279	99.7635933806146572	0	0	0	0	0	0
1	248153683	rs139725484	A	G	22612.96	ncRNA_exonic	.	0	7	416	0	423	0	1.65484633569739953	98.3451536643026005	0	0	0.199681	0	0	0.6
1	248153901	rs113862338	C	T	13635.73	ncRNA_exonic	.	1	4	418	0	423	0.23640661938534279	0.945626477541371158	98.8179669030732861	0	0	5.05192	18.31	0	0
1	248154024	.	C	G	4889.46	ncRNA_exonic	.	0	4	419	0	423	0	0.945626477541371158	99.0543735224586288	0	0	0	0	0	0
1	248154045	rs115826103	C	T	1635.41	ncRNA_exonic	.	0	1	422	0	423	0	0.23640661938534279	99.7635933806146572	0	0	0.239617	0.61	0	0
1	248154089	rs140904971	A	C	4135.16	ncRNA_exonic	.	0	2	421	0	423	0	0.472813238770685579	99.5271867612293144	0	0	0.758786	2.72	0	0
1	248154102	rs185245688	G	A	9298.2	ncRNA_exonic	.	0	5	418	0	423	0	1.18203309692671395	98.8179669030732861	0	0	0.159744	0.08	0	0.4
1	248154137	.	G	T	988.41	ncRNA_exonic	.	0	1	422	0	423	0	0.23640661938534279	99.7635933806146572	0	0	0	0	0	0
1	248154159	rs145467725	C	T	646.41	ncRNA_exonic	.	0	1	422	0	423	0	0.23640661938534279	99.7635933806146572	0	0	0.579073	1.89	0	0
1	248154224	rs4925586	C	T	47621.68	ncRNA_exonic	.	1	33	389	0	423	0.23640661938534279	7.80141843971631206	91.9621749408983452	0	0	1.4377	0.15	0	3.98
1	248154308	rs112299283	G	A	7030.2	ncRNA_exonic	.	0	5	418	0	423	0	1.18203309692671395	98.8179669030732861	0	0	4.79233	17.47	0	0.1
1	248154493	rs201911921	T	C	7475.38	ncRNA_exonic	.	1	40	382	0	423	0.23640661938534279	9.45626477541371158	90.3073286052009456	0	0	0	0	0	0
1	248154496	rs79304667	A	G	6507.73	intronic	.	1	4	418	0	423	0.23640661938534279	0.945626477541371158	98.8179669030732861	0	0	5.05192	18.31	0	0
1	248154505	rs200140719	A	G	3128.76	intronic	.	1	35	387	0	423	0.23640661938534279	8.27423167848699764	91.4893617021276596	0	0	0	0	0	0
1	248154564	.	C	T	100.68	intronic	.	0	1	0	422	423	0	0.23640661938534279	0	0	0	0.0199681	0	0	0.1
THCA_Germ/Results/all.snp.sum.hg19_multianno.vcf
CHROM	POS	ID	REF	ALT	QUAL	refgene	AA_Change	homalt	hetalt	homref	nogt	total	%homalt	%hetalt	$homref	hapmap	esp	kgall	kgafr	kgeas	kgeur
1	247654404	.	T	A	390.33	UTR5	.	0	1	431	0	432	0	0.231481481481481481	99.7685185185185185	0	0	0.139776	0	0	0
1	247654439	rs76706327	G	A	657.99	exonic	OR2W5:NM_001004698:exon1:c.G10A:p.D4N	0	2	430	0	432	0	0.462962962962962963	99.537037037037037	0	1.12	1.07827	3.86	0	0
1	247654493	rs79802002	G	T	2618.42	exonic	OR2W5:NM_001004698:exon1:c.G64T:p.G22X	0	3	429	0	432	0	0.694444444444444444	99.3055555555555556	0	1.41	1.67732	5.98	0	0.1
1	247654498	rs61070846	G	A	140322.11	exonic	OR2W5:NM_001004698:exon1:c.G69A:p.L23L	21	127	284	0	432	4.86111111111111111	29.3981481481481481	65.7407407407407407	0	18.89	12.9193	14.83	2.88	19.09
1	247654599	.	C	T	252.33	exonic	OR2W5:NM_001004698:exon1:c.C170T:p.T57I	0	1	431	0	432	0	0.231481481481481481	99.7685185185185185	0	0	0	0	0	0
1	247654637	rs114355708	G	A	435.33	exonic	OR2W5:NM_001004698:exon1:c.G208A:p.D70N	0	1	431	0	432	0	0.231481481481481481	99.7685185185185185	0	1.41	1.31789	4.84	0	0
1	247654902	rs116461729	T	A	2334.99	exonic	OR2W5:NM_001004698:exon1:c.T473A:p.I158N	0	2	430	0	432	0	0.462962962962962963	99.537037037037037	0	1	0.938498	3.33	0	0
1	247654954	.	C	T	789.33	exonic	OR2W5:NM_001004698:exon1:c.C525T:p.D175D	0	1	431	0	432	0	0.231481481481481481	99.7685185185185185	0	0	0	0	0	0
1	247654976	rs140009076	G	A	1768.33	exonic	OR2W5:NM_001004698:exon1:c.G547A:p.A183T	0	1	431	0	432	0	0.231481481481481481	99.7685185185185185	0	1.18	0.898562	3.33	0	0
1	247654993	rs10925061	T	C	599187.22	exonic	OR2W5:NM_001004698:exon1:c.T564C:p.S188S	38	201	193	0	432	8.7962962962962963	46.5277777777777778	44.6759259259259259	37.527	34.88	32.3682	45.46	26.59	32.31
1	247655061	rs372004857	C	T	2001.33	exonic	OR2W5:NM_001004698:exon1:c.C632T:p.A211V	0	1	431	0	432	0	0.231481481481481481	99.7685185185185185	0	0.0077	0	0	0	0
1	247655063	.	C	G	2108.33	exonic	OR2W5:NM_001004698:exon1:c.C634G:p.L212V	0	1	431	0	432	0	0.231481481481481481	99.7685185185185185	0	0	0	0	0	0
1	247655102	rs143904230	G	A	20090.96	exonic	OR2W5:NM_001004698:exon1:c.G673A:p.G225S	0	10	422	0	432	0	2.31481481481481481	97.6851851851851852	0	1.14	0.579073	0.23	0	1.29
1	247655270	rs145467846	C	T	2771.33	exonic	OR2W5:NM_001004698:exon1:c.C841T:p.R281C	0	1	431	0	432	0	0.231481481481481481	99.7685185185185185	0	0.0077	0.0199681	0	0	0
1	247655275	rs12141850	T	C	452438.44	exonic	OR2W5:NM_001004698:exon1:c.T846C:p.H282H	36	200	196	0	432	8.33333333333333333	46.2962962962962963	45.3703703703703704	0	35.34	32.3482	46.29	26.19	32.41
1	247655279	rs146381594	C	T	1289.33	exonic	OR2W5:NM_001004698:exon1:c.C850T:p.Q284X	0	1	431	0	432	0	0.231481481481481481	99.7685185185185185	0	0.03	0.678914	0.08	3.27	0
1	247655365	rs74152606	G	C	3538.1	exonic	OR2W5:NM_001004698:exon1:c.G936C:p.W312C	0	4	428	0	432	0	0.925925925925925926	99.0740740740740741	0	5.12	4.79233	17.62	0	0
1	247655508	rs74152607	G	A	753.48	UTR3	.	0	4	426	2	432	0	0.925925925925925926	98.6111111111111111	0	0	4.79233	17.62	0	0
1	247655516	rs12123109	C	T	36679.08	UTR3	.	37	172	215	8	432	8.56481481481481481	39.8148148148148148	49.7685185185185185	0	0	24.6006	17.85	26.19	32.41
1	247655729	rs61838187	C	T	267.68	downstream	.	6	0	38	388	432	1.38888888888888889	0	8.7962962962962963	0	0	24.5807	17.85	26.19	32.31
